{
	"11x11": {
		"gray": [
			[10, 66, 161, 135, 132, 133, 164, 150, 100, 71, 74],
			[52, 103, 132, 155, 148, 140, 141, 174, 103, 91, 112],
			[33, 144, 133, 159, 162, 147, 135, 182, 130, 76, 90],
			[50, 193, 146, 153, 161, 161, 154, 166, 146, 68, 61],
			[89, 175, 143, 151, 163, 173, 157, 153, 154, 58, 44],
			[85, 169, 126, 123, 145, 144, 103, 92, 148, 51, 36],
			[54, 191, 114, 90, 139, 147, 99, 63, 137, 32, 25],
			[51, 133, 89, 100, 166, 180, 134, 100, 127, 23, 23],
			[69, 92, 97, 131, 161, 184, 140, 122, 117, 27, 15],
			[63, 67, 132, 161, 147, 173, 162, 174, 56, 21, 26],
			[23, 29, 70, 185, 154, 169, 192, 123, 40, 78, 34]
		],
		"conv2": [
			[138.905]
		],
		"window": [
			[1.0576e-006, 7.8144e-006, 3.7022e-005, 1.1246e-004, 2.1905e-004, 2.7356e-004, 2.1905e-004, 1.1246e-004, 3.7022e-005, 7.8144e-006, 1.0576e-006],
			[7.8144e-006, 5.7741e-005, 2.7356e-004, 8.3101e-004, 1.6186e-003, 2.0214e-003, 1.6186e-003, 8.3101e-004, 2.7356e-004, 5.7741e-005, 7.8144e-006],
			[3.7022e-005, 2.7356e-004, 1.2961e-003, 3.9371e-003, 7.6684e-003, 9.5766e-003, 7.6684e-003, 3.9371e-003, 1.2961e-003, 2.7356e-004, 3.7022e-005],
			[1.1246e-004, 8.3101e-004, 3.9371e-003, 1.1960e-002, 2.3294e-002, 2.9091e-002, 2.3294e-002, 1.1960e-002, 3.9371e-003, 8.3101e-004, 1.1246e-004],
			[2.1905e-004, 1.6186e-003, 7.6684e-003, 2.3294e-002, 4.5371e-002, 5.6662e-002, 4.5371e-002, 2.3294e-002, 7.6684e-003, 1.6186e-003, 2.1905e-004],
			[2.7356e-004, 2.0214e-003, 9.5766e-003, 2.9091e-002, 5.6662e-002, 7.0762e-002, 5.6662e-002, 2.9091e-002, 9.5766e-003, 2.0214e-003, 2.7356e-004],
			[2.1905e-004, 1.6186e-003, 7.6684e-003, 2.3294e-002, 4.5371e-002, 5.6662e-002, 4.5371e-002, 2.3294e-002, 7.6684e-003, 1.6186e-003, 2.1905e-004],
			[1.1246e-004, 8.3101e-004, 3.9371e-003, 1.1960e-002, 2.3294e-002, 2.9091e-002, 2.3294e-002, 1.1960e-002, 3.9371e-003, 8.3101e-004, 1.1246e-004],
			[3.7022e-005, 2.7356e-004, 1.2961e-003, 3.9371e-003, 7.6684e-003, 9.5766e-003, 7.6684e-003, 3.9371e-003, 1.2961e-003, 2.7356e-004, 3.7022e-005],
			[7.8144e-006, 5.7741e-005, 2.7356e-004, 8.3101e-004, 1.6186e-003, 2.0214e-003, 1.6186e-003, 8.3101e-004, 2.7356e-004, 5.7741e-005, 7.8144e-006],
			[1.0576e-006, 7.8144e-006, 3.7022e-005, 1.1246e-004, 2.1905e-004, 2.7356e-004, 2.1905e-004, 1.1246e-004, 3.7022e-005, 7.8144e-006, 1.0576e-006]
		]
	},
	"24x18" : {
		"gray": [
			[71, 81, 86, 91, 98, 108, 103, 104, 86, 110, 94, 114, 144, 111, 95, 73, 24, 44, 42, 46, 80, 64, 79, 112],
			[75, 103, 120, 104, 97, 111, 59, 54, 45, 58, 75, 101, 125, 126, 44, 53, 80, 78, 63, 59, 61, 87, 72, 65],
			[39, 79, 112, 77, 80, 90, 61, 55, 42, 91, 144, 138, 95, 43, 12, 10, 37, 39, 60, 84, 114, 99, 84, 52],
			[36, 72, 99, 71, 75, 80, 66, 53, 83, 136, 115, 128, 123, 84, 61, 107, 38, 31, 72, 96, 88, 74, 106, 53],
			[64, 72, 92, 88, 89, 85, 95, 109, 83, 91, 128, 136, 120, 129, 135, 130, 138, 128, 113, 110, 91, 74, 65, 30],
			[69, 57, 47, 50, 53, 51, 67, 87, 85, 115, 123, 115, 128, 114, 126, 124, 118, 117, 120, 116, 92, 25, 65, 41],
			[50, 44, 45, 48, 51, 52, 67, 115, 153, 109, 116, 135, 119, 101, 104, 92, 106, 103, 89, 101, 102, 60, 62, 28],
			[45, 41, 51, 49, 40, 70, 122, 104, 95, 95, 87, 92, 86, 82, 58, 52, 56, 63, 73, 68, 79, 84, 55, 39],
			[69, 69, 75, 83, 78, 115, 113, 114, 103, 106, 111, 118, 97, 98, 100, 95, 79, 57, 38, 44, 49, 61, 65, 51],
			[55, 44, 80, 116, 115, 120, 108, 110, 90, 90, 75, 69, 86, 79, 83, 82, 86, 93, 92, 69, 35, 38, 45, 26],
			[66, 86, 99, 97, 71, 54, 82, 79, 76, 82, 73, 69, 53, 56, 49, 59, 67, 66, 74, 87, 93, 47, 30, 40],
			[79, 81, 88, 51, 66, 48, 26, 56, 93, 73, 90, 62, 61, 50, 54, 54, 57, 59, 72, 67, 59, 80, 44, 23],
			[85, 57, 47, 78, 81, 86, 62, 51, 29, 105, 150, 92, 14, 27, 29, 48, 42, 41, 28, 21, 22, 53, 55, 61],
			[23, 96, 119, 119, 98, 85, 80, 87, 61, 59, 106, 90, 11, 20, 30, 28, 2, 0, 2, 21, 36, 55, 71, 52],
			[39, 69, 67, 97, 48, 96, 68, 59, 54, 41, 30, 45, 42, 40, 19, 13, 23, 57, 60, 46, 52, 60, 63, 64],
			[62, 36, 87, 48, 32, 130, 110, 57, 37, 34, 24, 28, 42, 27, 26, 27, 30, 19, 34, 38, 43, 54, 52, 78],
			[32, 28, 71, 115, 79, 120, 115, 61, 60, 33, 15, 19, 21, 22, 28, 28, 29, 30, 59, 54, 22, 45, 45, 77],
			[36, 50, 74, 100, 86, 85, 111, 15, 26, 25, 18, 17, 17, 17, 13, 12, 11, 4, 4, 86, 71, 36, 41, 32]
		],
		"conv2": [
			[73.735, 81.872, 90.924, 99.466, 106.934, 112.481, 114.57, 112.71, 108.621, 104.642, 101.657, 99.346, 97.378, 94.989],
			[75.367, 85.874, 95.591, 102.467, 106.689, 109.101, 109.413, 107.111, 103.092, 99.056, 95.914, 93.529, 91.373, 88.695],
			[81.478, 91.202, 98.602, 102.279, 103.256, 103.006, 101.634, 98.614, 94.369, 90.094, 86.577, 83.775, 81.231, 78.491],
			[87.447, 93.897, 97.732, 98.449, 97.254, 95.301, 92.728, 89.368, 85.615, 82.163, 79.304, 76.787, 74.189, 71.245],
			[87.108, 89.877, 91.403, 91.348, 89.965, 87.337, 83.553, 79.38, 75.938, 73.771, 72.562, 71.577, 70.167, 67.9],
			[80.518, 80.562, 81.545, 82.955, 83.456, 81.222, 75.787, 69.343, 64.794, 63.109, 63.289, 63.935, 64.157, 63.426],
			[74.545, 72.612, 73.052, 75.89, 78.76, 77.52, 70.304, 60.612, 53.713, 51.336, 51.714, 52.785, 53.693, 54.247],
			[74.103, 70.55, 68.937, 70.597, 73.671, 72.831, 64.723, 52.997, 44.212, 40.665, 40.287, 40.876, 41.832, 43.317]
		],
		"window": [
			[1.0576e-006, 7.8144e-006, 3.7022e-005, 1.1246e-004, 2.1905e-004, 2.7356e-004, 2.1905e-004, 1.1246e-004, 3.7022e-005, 7.8144e-006, 1.0576e-006],
			[7.8144e-006, 5.7741e-005, 2.7356e-004, 8.3101e-004, 1.6186e-003, 2.0214e-003, 1.6186e-003, 8.3101e-004, 2.7356e-004, 5.7741e-005, 7.8144e-006],
			[3.7022e-005, 2.7356e-004, 1.2961e-003, 3.9371e-003, 7.6684e-003, 9.5766e-003, 7.6684e-003, 3.9371e-003, 1.2961e-003, 2.7356e-004, 3.7022e-005],
			[1.1246e-004, 8.3101e-004, 3.9371e-003, 1.1960e-002, 2.3294e-002, 2.9091e-002, 2.3294e-002, 1.1960e-002, 3.9371e-003, 8.3101e-004, 1.1246e-004],
			[2.1905e-004, 1.6186e-003, 7.6684e-003, 2.3294e-002, 4.5371e-002, 5.6662e-002, 4.5371e-002, 2.3294e-002, 7.6684e-003, 1.6186e-003, 2.1905e-004],
			[2.7356e-004, 2.0214e-003, 9.5766e-003, 2.9091e-002, 5.6662e-002, 7.0762e-002, 5.6662e-002, 2.9091e-002, 9.5766e-003, 2.0214e-003, 2.7356e-004],
			[2.1905e-004, 1.6186e-003, 7.6684e-003, 2.3294e-002, 4.5371e-002, 5.6662e-002, 4.5371e-002, 2.3294e-002, 7.6684e-003, 1.6186e-003, 2.1905e-004],
			[1.1246e-004, 8.3101e-004, 3.9371e-003, 1.1960e-002, 2.3294e-002, 2.9091e-002, 2.3294e-002, 1.1960e-002, 3.9371e-003, 8.3101e-004, 1.1246e-004],
			[3.7022e-005, 2.7356e-004, 1.2961e-003, 3.9371e-003, 7.6684e-003, 9.5766e-003, 7.6684e-003, 3.9371e-003, 1.2961e-003, 2.7356e-004, 3.7022e-005],
			[7.8144e-006, 5.7741e-005, 2.7356e-004, 8.3101e-004, 1.6186e-003, 2.0214e-003, 1.6186e-003, 8.3101e-004, 2.7356e-004, 5.7741e-005, 7.8144e-006],
			[1.0576e-006, 7.8144e-006, 3.7022e-005, 1.1246e-004, 2.1905e-004, 2.7356e-004, 2.1905e-004, 1.1246e-004, 3.7022e-005, 7.8144e-006, 1.0576e-006]
		]
	},
	"24x18-degraded" : {
		"gray": [
			[71, 81, 86, 91, 98, 108, 103, 104, 86, 110, 94, 114, 144, 111, 95, 73, 24, 44, 42, 46, 80, 64, 79, 112],
			[75, 103, 120, 104, 97, 111, 59, 54, 45, 58, 75, 101, 125, 126, 44, 53, 80, 78, 63, 59, 61, 87, 72, 65],
			[39, 79, 112, 77, 80, 90, 61, 55, 42, 91, 144, 138, 95, 43, 12, 10, 37, 39, 60, 84, 114, 99, 84, 52],
			[36, 72, 99, 71, 75, 80, 66, 53, 83, 136, 115, 128, 123, 84, 61, 107, 38, 31, 72, 96, 88, 74, 106, 53],
			[64, 72, 92, 88, 89, 85, 95, 109, 83, 91, 128, 136, 120, 129, 135, 130, 138, 128, 113, 110, 91, 74, 65, 30],
			[69, 57, 47, 50, 53, 51, 67, 87, 85, 115, 123, 115, 128, 114, 218, 124, 118, 117, 120, 116, 92, 25, 65, 41],
			[50, 44, 45, 48, 51, 52, 67, 115, 153, 109, 116, 135, 119, 101, 218, 92, 106, 103, 89, 101, 102, 60, 62, 28],
			[45, 41, 51, 49, 40, 70, 122, 104, 95, 95, 87, 92, 86, 218, 218, 52, 56, 63, 73, 68, 79, 84, 55, 39],
			[69, 69, 75, 83, 78, 115, 113, 114, 103, 106, 111, 118, 97, 218, 100, 95, 79, 57, 38, 44, 49, 61, 65, 51],
			[55, 44, 80, 116, 115, 120, 108, 110, 90, 90, 75, 69, 86, 218, 83, 82, 86, 93, 92, 69, 35, 38, 45, 26],
			[66, 86, 99, 97, 71, 54, 218, 218, 218, 218, 218, 218, 218, 218, 49, 59, 67, 66, 74, 87, 93, 47, 30, 40],
			[79, 81, 88, 51, 66, 48, 26, 56, 93, 73, 90, 62, 61, 50, 54, 54, 57, 59, 72, 67, 59, 80, 44, 23],
			[85, 57, 47, 78, 81, 86, 62, 51, 29, 105, 150, 92, 14, 27, 29, 48, 42, 41, 28, 21, 22, 53, 55, 61],
			[23, 96, 119, 119, 98, 85, 80, 87, 61, 59, 106, 90, 11, 20, 30, 28, 2, 0, 2, 21, 36, 55, 71, 52],
			[39, 69, 67, 97, 48, 96, 68, 59, 54, 41, 30, 45, 42, 40, 19, 13, 23, 57, 60, 46, 52, 60, 63, 64],
			[62, 36, 87, 48, 32, 130, 110, 57, 37, 34, 24, 28, 42, 27, 26, 27, 30, 19, 34, 38, 43, 54, 52, 78],
			[32, 28, 71, 115, 79, 120, 115, 61, 60, 33, 15, 19, 21, 22, 28, 28, 29, 30, 59, 54, 22, 45, 45, 77],
			[36, 50, 74, 100, 86, 85, 111, 15, 26, 25, 18, 17, 17, 17, 13, 12, 11, 4, 4, 86, 71, 36, 41, 32]
		]
	}
}
