# Created by Octave 4.0.3, Sat Oct 15 12:19:09 2016 GMT <unknown@Acer-S7>
# name: computed_ssim
# type: matrix
# rows: 1
# columns: 982
 1 0.9816105763056823 0.9398464286819395 0.8393294295511338 0.8268186063822133 0.815616720396856 0.9195342522117734 0.892093831448597 1 0.8922942500455663 1 0.9524839103346097 0.8911929144919607 0.9021910115461004 0.9859069427145638 1 0.8165900163410235 0.9718623564905124 0.9956915639603525 1 0.9529829930847771 1 0.9292081556299628 1 1 0.9957226715011632 0.862322100221251 0.761906442735408 0.8092616701617195 0.6667508638355678 0.9606788591393032 0.7441785451013965 0.8769487035398604 0.9930197227003134 1 1 0.9410052781018673 0.86177912298453 0.9403068202752409 0.8055253231401929 0.9215618601762068 0.8906228153040574 0.7648629090006269 0.8095027723503094 0.8017987533718722 0.6916167987784255 0.8585940073096616 0.6768497241883509 0.9775506306346723 1 0.9583276469364109 0.8747838528202462 0.9054105908334336 1 0.941472554284208 0.9539358948991733 1 0.9980042808733689 0.9963747028047281 0.7780604462408215 0.9789147264155871 0.9927260663505468 0.9600354222305335 1 0.7120229211175583 1 1 0.9642364618478689 0.9968939149258829 1 0.714825388244321 1 1 0.9133485082973398 0.9898552956148443 1 0.996198504191546 0.9415629576456682 0.8233578195271272 0.9511204828623978 0.8922584629509832 0.9943645083152832 0.9290048688326756 1 0.9748862902594475 0.7281712288421851 1 0.770854948768034 1 0.9924165058265543 0.8855660512304705 0.9483795936574343 1 0.9595189857720058 1 0.9589871663593924 1 0.9186850395416467 0.8993591215373135 1 0.9867271625690842 0.9966012229339613 0.9956016986805721 0.8862447727513261 0.9976466152680615 0.8842331719879654 0.6108254161687473 0.9427048796766421 0.9520607413838813 1 0.9855889691148982 1 0.9859111831178965 0.9934037408331777 0.7298794694188471 0.9154835938486197 1 1 1 0.8838839991105698 0.5654526289797644 0.8883655350355839 1 0.9038582256121558 0.9530438189889022 0.9820799159299652 0.848698156518971 1 0.9720873962560944 0.9228338363969624 1 0.9550958941431807 0.8602090142532519 1 0.6165614979791328 0.9191342588057437 0.8525886053536087 0.870820000071283 1 1 0.9877740993954319 0.8930629348904743 0.9242762382141918 0.7442202207496518 1 0.8191046644241654 1 0.9920668556919771 0.9142004067762147 0.9798317960599809 1 0.7580229654338793 1 0.7926903279278624 0.5695517818398315 0.7422912496778727 1 0.8722271682174247 1 0.8140511272211677 1 0.9784388504373488 0.8361178977057386 0.9604304476517972 0.9600046759004345 1 0.9116411736940931 0.8302232355081717 0.7977922816540822 0.9175361915061078 0.9610518886935028 0.6541424375183228 0.9735046027201084 0.9876416400744291 0.5109223304219014 0.9625265636827507 0.6171537751256267 0.8320937131067652 0.636396171815899 1 0.6989566429938022 0.8908890316301832 0.9899622449031613 1 0.9772277629497054 1 0.9172217217275076 1 1 1 0.7194356568753395 0.9596399766864766 0.8316196479464175 0.7698292593026769 0.976842745425565 0.8420710481617197 0.9337172510926475 0.9922067756266483 0.9863614689510305 0.7528181271767207 0.4860597881414019 0.7159238456946936 0.9416277893682216 1 0.986003626882151 1 1 0.9043384050693889 1 0.950555445484118 0.98771016543947 0.9891713718183546 0.6837671927593475 0.9761912486755984 0.7184957342766852 0.9801519954519387 0.9652152116417405 0.6206313878822254 0.7736824079431026 0.8636070369243889 0.7928301300411399 0.9513901901660712 1 1 0.5000366126891913 0.8315566952820084 0.7711888153815943 0.8992540418870278 0.9727556035003019 1 0.829262183700974 1 1 1 0.9783324078398334 0.8881030405174012 1 0.8924139371261751 1 0.9978595502363627 0.9982288220227196 0.9393615049228615 0.869325437071942 0.998133069819564 0.9439009121414619 1 1 0.9476365714030207 1 0.8318312594446171 0.9880661684553442 0.9689353597271863 1 0.9621970087230998 1 0.7997484502565259 0.9987143370185038 1 0.9596096422445397 0.9457042881537435 1 0.8157378469735601 0.8182157192785048 0.863974708088931 0.9842472479877971 0.9338548416841301 0.990853938736606 0.8864688059875419 1 0.9269840373989653 0.9180204317248926 0.9435035755275701 0.7658387020534373 0.9128690656373061 1 0.9377624343413807 0.8541183093832153 0.9402491394122208 1 0.9930283876702696 1 0.9499223901964819 0.94247813664975 0.9965337828770197 0.9951758612544702 0.9499352473825985 0.9066766758839301 0.9969772077695828 0.8182157192785048 0.9580539834989608 0.9947339060491592 0.8709127904246424 1 0.9756515907884913 1 0.9360624498757897 0.9965474217549027 0.9668573795654121 0.9910906008548647 0.9119851802431098 0.9976642223252167 0.8768168991658928 1 0.8716773305065819 0.7658387020534373 0.7316040596432466 0.8829362587231246 0.9156315852019398 1 0.9700110110624013 0.9269840373989653 0.8108489475719978 0.9057601686237279 1 1 0.9357256400342673 0.9269840373989653 0.8318312594446171 0.9084872267610394 0.864005612579132 0.9883726236874595 1 0.9978808346126291 0.9961802448953849 0.9755755342013029 0.9410064188700953 0.7192505821306976 0.991327020492622 0.967506391149201 0.9553063633110582 0.8829362587231246 0.961335770504543 0.9980524023381924 0.9561043768979611 0.9262163938227284 1 0.9577115939401806 0.9589651757196783 1 1 1 1 0.9968533243462525 0.983537568735555 1 0.9822174069732981 0.9857515466705378 0.9276904348019592 1 1 0.7713547991475437 1 0.7783637732496516 0.6309098677088696 0.8966566845123031 0.7997489850408976 0.9879284302447118 0.6960477682533516 0.9927954012084235 1 0.87790752735864 0.9932502356415043 1 0.9745635474032728 0.6727097370571449 1 1 0.9873267242628722 1 0.9910412861705006 0.9917022616352529 0.7038849037379804 0.982881280139218 0.6228492314970964 0.6679435809917081 0.8944087756167861 0.9723145793972673 0.9919242200289633 0.8991926550305658 1 0.684976691379688 1 0.8824539109564186 0.98878320557683 1 0.7783637732496516 0.6228492314970964 0.7045246728552538 0.770954091858197 0.9704833947844568 0.6258514723715798 0.9380259264248764 0.6521650336241387 0.7536369089367388 0.9888454316382552 1 0.8086972087387427 0.9891432426905676 1 1 0.9798982301406273 0.8072456593393952 0.7458321347193529 0.7866838624797166 0.9825157849873265 1 0.6309098677088696 0.8456153781096996 1 0.6571685943575704 0.6637834220198954 0.9375203825905289 0.7250395778191346 0.7250395778191346 0.6969845016882098 1 1 1 0.6782898517987727 1 0.9426340147176261 0.7381749662941162 0.7737332175994058 0.6521650336241387 0.9901424727700262 0.6145399321522863 0.8547683436452967 0.8153891348208495 1 0.9685518849493814 0.7462256323350288 0.721346918941178 0.9944332576941589 0.859366118244853 1 0.8086972087387427 0.6239358748780046 1 1 0.6332932645402457 0.9848286166511905 0.6422325765335525 0.9852530599600045 0.5529821398108155 0.62128358844028 1 0.5908268821253738 0.62128358844028 1 0.7038849037379804 1 0.9609509391474633 0.9846248204157992 1 0.9865953748148497 0.8911222506185568 0.6637834220198954 0.9850813260536307 0.7539986316922712 0.7737332175994058 0.9413865522415052 0.7124919949230492 0.9290209056541709 0.1422138745109021 0.9792849035119386 0.9404885795949184 0.5433057762141503 0.9776811726608456 0.6952193711494101 0.9327497969749088 0.9803646533864804 0.8110192870837285 0.9859081716385604 0.9835109936287327 0.3546503735001071 0.9455258010835434 0.6734268669016813 0.9579234946273435 0.9941901420991509 0.1086125591608182 0.6651688155682574 0.938810549379823 0.1077269126541457 0.1619550248063269 0.7206390133513635 0.7380549846276606 0.9014330947684419 0.725150340463136 0.562395647916361 0.9683152031904544 0.9460147381574909 0.5584049651969895 0.07800878152959825 0.1603743425432819 0.9379955496910919 0.6852204173648772 0.9605859142652328 0.5318021917644924 0.4997768288976871 0.8601735947935686 0.09705253787474959 0.05826952053737967 0.9825518943283006 0.4983709039572514 0.9717373380421144 0.9508044846507266 0.09248461333562176 0.9726078275058776 0.595442246128648 0.5046175299202262 0.6515452624625179 0.07832307750442369 0.3174696138402498 0.9835896486391851 0.918333955248343 0.9294551908666725 0.1272035831576925 0.06739184451837961 0.9937156851768916 